1989	7306753.2096144045
1990	7086093.186188219
1991	6826485.190598841
1992	7209935.26951585
1993	7800276.873357776
1994	9040753.620245492
1995	1.1114097029372096E7
1996	1.1421878863026097E7
1997	1.2678115962218529E7
1998	1.201082190320145E7
1999	1.0616591793784885E7
2000	1.158199474225745E7
2001	1.178391737648613E7
2002	1.1502369812016917E7
2003	1.3236192466772608E7
2004	1.7634703676785197E7
2005	2.082370510139108E7
2006	2.4905757387299772E7
2007	3.2805991604688644E7
2008	4.2818345965348005E7
2009	3.2412412536186185E7
2010	4.439303177756315E7
2011	5.65089430258074E7
2012	5.8545455772909E7
2013	6.0841127713550046E7
2014	5.356262399670017E7
2015	4.273760739009752E7
2016	4.09237228915915E7
