2011	31851796921.00
2013	25996245937.00
2012	23809804469.00
2014	23277378054.00
2010	21353877790.00
2015	20983574666.00
2016	19331323260.00
2008	16572642176.00
2007	11988853619.00
2009	11424282738.00
2006	9062553807.00
2005	7666777912.00
2004	6771587651.00
1990	4839538688.00
2003	4290442927.00
1989	3900405760.00
1991	3785662208.00
1996	3640446208.00
1992	3491956480.00
2000	3434249494.00
1997	3379907584.00
2002	3247509434.00
2001	3194156099.00
1995	2756383488.00
1994	2562669056.00
1993	2414492416.00
1998	2330412800.00
1999	2277869912.00
