1989	3.90040576E9
1990	4.839538688E9
1991	3.785662208E9
1992	3.49195648E9
1993	2.414492416E9
1994	2.562669056E9
1995	2.756383488E9
1996	3.640446208E9
1997	3.379907584E9
1998	2.3304128E9
1999	2.277869912E9
2000	3.434249494E9
2001	3.194156099E9
2002	3.247509434E9
2003	4.290442927E9
2004	6.771587651E9
2005	7.666777912E9
2006	9.062553807E9
2007	1.1988853619E10
2008	1.6572642176E10
2009	1.1424282738E10
2010	2.135387779E10
2011	3.1851796921E10
2012	2.3809804469E10
2013	2.5996245937E10
2014	2.3277378054E10
2015	2.0983574666E10
2016	1.933132326E10
